65
20 00110
2c 101011
2e 111100
30 010101
31 011010
32 10101011
33 1001100
34 1011111
35 1101000
36 00001010
37 001111
38 00001011
39 10101010
41 10000
42 0010010
43 011100
44 001000
45 00011
46 1101001
47 0010011
48 1010100
49 01001
4a 0011100
4b 11100000
4c 010000
4d 100111
4e 000011
4f 10110
50 010001
51 11100001
52 100010
53 110001
54 0011101
55 10100
56 110010
57 1111110
58 1100111
59 1011110
5a 0000100
61 01111
62 001010
63 001011
64 011101
65 01100
66 1110001
67 010100
68 111010
69 11011
6a 011011
6b 1111111
6c 110101
6d 111001
6e 111110
6f 10010
70 1100110
71 00000
72 111101
73 110000
74 100011
75 01011
76 000101
77 111011
78 101110
79 1001101
7a 000100
